path {
  center=0.000000,0.000000
  reflect=snowflake
  dupes=1
  angle=1/4
  node= --- | -88.000000,-8.000000 | 0.000000,-48.000000
  node= -32.000000,32.000000 | -48.000000,-128.000000 | -32.000000,16.000000
  node= 0.000000,-80.000000 | -112.000000,0.000000 | -0.000000,80.000000 (straight)
  node= -32.000000,-16.000000 | -48.000000,128.000000 | -32.000000,-32.000000
  node= 0.000000,48.000000 | -88.000000,8.000000 | ---
}

