path {
  center=0.000000,0.000000
  reflect=spin
  dupes=3
  angle=0/1
  node= 9.942131,26.241812 | 60.669514,-4.181462 | -5.950666,-15.706517 (straight)
  node= 17.831167,1.168717 | 18.127314,-39.358780 | -24.313427,-1.593588 (straight)
  node= -14.285965,-19.462503 | -18.138514,3.195255 | -21.025570,-17.166307
  node= -24.576719,13.205547 | -5.622667,-58.335987 | 27.686069,-14.876262 (straight)
  node= -38.514381,-11.732036 | 76.813515,-56.370190 | -43.659954,-25.466970
}

