path {
  center=0.373238,-18.175100
  reflect=snowflake
  dupes=2
  angle=1/4
  node= -0.000000,0.000000 | 48.000000,0.000004 | -67.689201,-9.326429
  node= -84.000000,-40.000008 | 79.685410,-16.007639 | -39.999996,-24.000004
  node= -72.222206,27.777761 | 94.963196,-69.479843 | -76.388870,27.083317
  node= 39.193562,34.343273 | 26.213215,-102.118729 | 63.499092,78.324730
}

params {
  scale=0.95
}
