path {
  center=0.000000,0.000000
  reflect=spin
  dupes=3
  angle=0/1
  node= 56.000000,0.000000 | 26.000000,-59.000000 | -22.000000,1.000000
  node= 23.176914,-48.392303 | -38.748711,-11.114740 | 10.605124,-69.631393
  node= -43.827553,46.088451 | 22.049994,-117.808311 | -28.000000,16.000000
}

