path {
  center=0.000000,0.000000
  reflect=snowflake
  dupes=7
  angle=3/4
  node= 15.672549,21.471285 | 8.000000,-80.000000 | 12.000000,32.000000
  node= 4.000000,24.000000 | 4.000001,-44.000000 | ---
}

