path {
  center=0.000000,0.000000
  reflect=snowflake
  dupes=1
  angle=1/4
  node= -8.000000,-84.000000 | 44.000000,84.000000 | -4.000000,-68.000000
  node= -84.000000,-40.000008 | 80.000000,8.000007 | -39.999996,-24.000004
  node= -27.999994,20.000006 | 104.000000,-56.000000 | -43.999996,24.000004
  node= 7.999997,36.000000 | 32.000008,-80.000000 | 7.999995,60.000000
}

